     K-mer   Value  Godel_number       Entropy
0     TCCW       1      8.188689  8.329725e-07
1     CCWA       1      5.192957  8.329725e-07
2     WATC       1      8.306472  8.329725e-07
3     ARGC       1      7.207860  8.329725e-07
4     RGCC       1      7.495542  8.329725e-07
5     TACK       1      7.090077  8.329725e-07
6     ACKG       1      7.718685  8.329725e-07
7     CKGA       1      6.291569  8.329725e-07
8     KGAC       1      6.396930  8.329725e-07
9     TGYG       1     10.896739  8.329725e-07
10    GYGT       1     11.813030  8.329725e-07
11    NGAN       1      3.178054  8.329725e-07
12    GNGA       1      6.984716  8.329725e-07
13    CTAK       1      7.390181  8.329725e-07
14    TAKG       1      8.699515  8.329725e-07
15    AKGG       1      8.817298  8.329725e-07
16    KGGA       1      6.984716  8.329725e-07
17    ATGK       1      9.915910  8.329725e-07
18    TGKA       1      7.677864  8.329725e-07
19    GKAA       1      4.787492  8.329725e-07
20    KAAG       1      6.620073  8.329725e-07
21    CCHW       1      3.583519  8.329725e-07
22    CHWY       1      1.386294  8.329725e-07
23    HWYH       1      0.000000  8.329725e-07
24    WYHA       1      0.693147  8.329725e-07
25    YHAA       1      1.791759  8.329725e-07
26    TGAR       1      7.677864  8.329725e-07
27    GARG       1      8.006368  8.329725e-07
28    ARGG       1      8.817298  8.329725e-07
29    RGGC       1      8.594154  8.329725e-07
30    GTAR       1      8.083329  8.329725e-07
31    TARR       1      3.871201  8.329725e-07
32    ARRS       1      0.693147  8.329725e-07
33    RRSG       1      2.079442  8.329725e-07
34    RSGA       1      3.178054  8.329725e-07
35    SGAA       1      4.787492  8.329725e-07
36    ACYT       1      9.328123  8.329725e-07
37    CYTC       1      8.999619  8.329725e-07
38    ANTN       1      5.087596  8.329725e-07
39    NGGN       1      5.375278  8.329725e-07
40    AGYC       1      7.207860  8.329725e-07
41    GYCT       1     10.714418  8.329725e-07
42    YCTG       1     10.609057  8.329725e-07
43    GCTK       1     10.714418  8.329725e-07
44    CTKC       1      8.999619  8.329725e-07
45    CNAN       1      2.484907  8.329725e-07
46    GTNA       1      8.083329  8.329725e-07
47    GCNT       1     10.714418  8.329725e-07
48    ANGA       1      5.598422  8.329725e-07
49    AGNA       1      5.598422  8.329725e-07
50    HTTH       1      7.167038  8.329725e-07
51    NCCC       1      6.802395  8.329725e-07
52    YGTC       1      9.692767  8.329725e-07
53    AYTA       1      6.697034  8.329725e-07
54    TAGY       1      8.699515  8.329725e-07
55    AGYA       1      5.598422  8.329725e-07
56    GYAG       1      8.006368  8.329725e-07
57    ATAY       1      6.697034  8.329725e-07
58    AGTK       1     10.426736  8.329725e-07
59    GGTK       1     11.813030  8.329725e-07
60    TNTC       1     10.385914  8.329725e-07
61    ACNC       1      6.109248  8.329725e-07
62    CNTN       1      5.780744  8.329725e-07
63    NTNA       1      3.871201  8.329725e-07
64    ANCC       1      6.109248  8.329725e-07
65    TGGK       1     10.896739  8.329725e-07
66    GGKT       1     11.813030  8.329725e-07
67    GKTG       1     11.302204  8.329725e-07
68    KTGG       1     10.896739  8.329725e-07
69    NGTN       1      6.473891  8.329725e-07
70    NATN       1      5.087596  8.329725e-07
71    NANC       1      2.890372  8.329725e-07
72    TATK       1     10.308953  8.329725e-07
73    ATKA       1      6.697034  8.329725e-07
74    CAAM       1      4.094345  8.329725e-07
75    AAMG       1      6.620073  8.329725e-07
76    AMGG       1      8.817298  8.329725e-07
77    MGGC       1      8.594154  8.329725e-07
78    CAYA       1      4.094345  8.329725e-07
79    CRAC       1      5.703782  8.329725e-07
80    RACT       1      9.328123  8.329725e-07
81    TTCS       1     10.385914  8.329725e-07
82    TCSC       1      8.188689  8.329725e-07
83    CSCA       1      5.192957  8.329725e-07
84    SCAG       1      7.313220  8.329725e-07
85    CAWT       1      8.922658  8.329725e-07
86    AWTC       1      8.306472  8.329725e-07
87    CCCN       1      6.802395  8.329725e-07
88    TTNC       1     10.385914  8.329725e-07
89    NACG       1      7.718685  8.329725e-07
90    AATR       1      8.229511  8.329725e-07
91    ATRA       1      6.697034  8.329725e-07
92    TRAA       1      5.480639  8.329725e-07
93    ATCY       1      8.306472  8.329725e-07
94    CTYA       1      7.390181  8.329725e-07
95    GGWT       1     11.813030  8.329725e-07
96    GWTT       1     12.911642  8.329725e-07
97    WTTA       1      8.776476  8.329725e-07
98    ACCW       1      6.109248  8.329725e-07
99    CCWG       1      8.411833  8.329725e-07
100   CWGA       1      6.291569  8.329725e-07
101   WGAG       1      8.006368  8.329725e-07
102   TAYG       1      8.699515  8.329725e-07
103   YGTG       1     11.302204  8.329725e-07
104   CAGK       1      7.313220  8.329725e-07
105   AGKA       1      5.598422  8.329725e-07
106   GKAC       1      6.396930  8.329725e-07
107   KACA       1      4.499810  8.329725e-07
108   TTYG       1     11.995352  8.329725e-07
109   TCNT       1     11.407565  8.329725e-07
110   CNTC       1      8.999619  8.329725e-07
111   CCTW       1     10.021271  8.329725e-07
112   CTWC       1      8.999619  8.329725e-07
113   TWCA       1      6.579251  8.329725e-07
114   WCAT       1      8.922658  8.329725e-07
115   GCAS       1      5.886104  8.329725e-07
116   ASTG       1      9.915910  8.329725e-07
117   STGG       1     10.896739  8.329725e-07
118   NTAN       1      3.871201  8.329725e-07
119   NAGN       1      3.988984  8.329725e-07
120   AAAY       1      3.401197  8.329725e-07
121   AYAC       1      5.010635  8.329725e-07
122   GGRG       1     10.203592  8.329725e-07
123   GRGT       1     11.813030  8.329725e-07
124   RGTC       1      9.692767  8.329725e-07
125   ACGY       1      7.718685  8.329725e-07
126   CGYA       1      6.291569  8.329725e-07
127   GYAA       1      4.787492  8.329725e-07
128   YAAG       1      6.620073  8.329725e-07
129   RCTT       1     12.218495  8.329725e-07
130   TTTS       1     13.604790  8.329725e-07
131   TSCC       1      8.188689  8.329725e-07
132   SCCT       1     10.021271  8.329725e-07
133   TAGW       1      8.699515  8.329725e-07
134   AGWG       1      8.817298  8.329725e-07
135   GWGT       1     11.813030  8.329725e-07
136   WGTG       1     11.302204  8.329725e-07
137   TYGA       1      7.677864  8.329725e-07
138   YGAT       1      9.615805  8.329725e-07
139   GAYA       1      4.787492  8.329725e-07
140   YAAC       1      5.010635  8.329725e-07
141   GANG       1      8.006368  8.329725e-07
142   CTYT       1     12.218495  8.329725e-07
143   GRCC       1      7.495542  8.329725e-07
144   RCCT       1     10.021271  8.329725e-07
145   CGAN       1      6.291569  8.329725e-07
146   AAYG       1      6.620073  8.329725e-07
147   GATR       1      9.615805  8.329725e-07
148   TRCT       1     11.407565  8.329725e-07
149   CCAS       1      5.192957  8.329725e-07
150   CASA       1      4.094345  8.329725e-07
151   ASAG       1      6.620073  8.329725e-07
152   SAGC       1      7.207860  8.329725e-07
153   TCAK       1      6.579251  8.329725e-07
154   KAGC       1      7.207860  8.329725e-07
155   YAGG       1      8.817298  8.329725e-07
156   GCAR       1      5.886104  8.329725e-07
157   CART       1      8.922658  8.329725e-07
158   ARTA       1      6.697034  8.329725e-07
159   RTAG       1      8.699515  8.329725e-07
160   AAGS       1      6.620073  8.329725e-07
161   AGSG       1      8.817298  8.329725e-07
162   GSGT       1     11.813030  8.329725e-07
163   SGTT       1     12.911642  8.329725e-07
164   GACW       1      6.396930  8.329725e-07
165   ACWA       1      4.499810  8.329725e-07
166   WATT       1     11.525348  8.329725e-07
167   ATTS       1     11.525348  8.329725e-07
168   TSCT       1     11.407565  8.329725e-07
169   SCTA       1      7.390181  8.329725e-07
170   GGTW       1     11.813030  8.329725e-07
171   GTWT       1     12.911642  8.329725e-07
172   TWTA       1      8.776476  8.329725e-07
173   WTAW       1      3.871201  8.329725e-07
174   TAWA       1      5.480639  8.329725e-07
175   AWAC       1      5.010635  8.329725e-07
176   WACC       1      6.109248  8.329725e-07
177   ACTR       1      9.328123  8.329725e-07
178   CTRT       1     12.218495  8.329725e-07
179   TRTT       1     13.604790  8.329725e-07
180   RTTC       1     10.385914  8.329725e-07
181   WCCA       1      5.192957  8.329725e-07
182   ATTM       1     11.525348  8.329725e-07
183   TTMT       1     13.604790  8.329725e-07
184   TMTN       1      7.167038  8.329725e-07
185   MTNN       1      2.772589  8.329725e-07
186   CTAM       1      7.390181  8.329725e-07
187   TAMA       1      5.480639  8.329725e-07
188   ATAR       1      6.697034  8.329725e-07
189   TARA       1      5.480639  8.329725e-07
190   RAAT       1      8.229511  8.329725e-07
191   ANAH       1      1.791759  8.329725e-07
192   NAHA       1      1.791759  8.329725e-07
193   GYTG       1     11.302204  8.329725e-07
194   GGCK       1      8.594154  8.329725e-07
195   GCKG       1      9.104980  8.329725e-07
196   CKGT       1     11.119883  8.329725e-07
197   KGTG       1     11.302204  8.329725e-07
198   AGAM       1      5.598422  8.329725e-07
199   MAAC       1      5.010635  8.329725e-07
200   YAGA       1      5.598422  8.329725e-07
201   GACS       1      6.396930  8.329725e-07
202   ACSN       1      2.890372  8.329725e-07
203   CSNN       1      1.386294  8.329725e-07
204   SNNN       1      0.000000  8.329725e-07
205   RGAC       1      6.396930  8.329725e-07
206   CTNG       1     10.609057  8.329725e-07
207   ATNC       1      8.306472  8.329725e-07
208   NCGG       1      9.510445  8.329725e-07
209   GGNA       1      6.984716  8.329725e-07
210   GNAC       1      6.396930  8.329725e-07
211   NCAN       1      2.484907  8.329725e-07
212   TCNG       1      9.798127  8.329725e-07
213   TTTH       1     13.604790  8.329725e-07
214   CTTK       1     12.218495  8.329725e-07
215   TTKA       1      8.776476  8.329725e-07
216   CANG       1      7.313220  8.329725e-07
217   ANGC       1      7.207860  8.329725e-07
218   AGTS       1     10.426736  8.329725e-07
219   GTSC       1      9.692767  8.329725e-07
220   TSCA       1      6.579251  8.329725e-07
221   SCAA       1      4.094345  8.329725e-07
222   TNGA       1      7.677864  8.329725e-07
223   CNNC       1      3.583519  8.329725e-07
224   CAAR       1      4.094345  8.329725e-07
225   AARC       1      5.010635  8.329725e-07
226   ARCT       1      9.328123  8.329725e-07
227   ACRA       1      4.499810  8.329725e-07
228   CRAT       1      8.922658  8.329725e-07
229   RATT       1     11.525348  8.329725e-07
230   TATS       1     10.308953  8.329725e-07
231   ATSG       1      9.915910  8.329725e-07
232   TSGA       1      7.677864  8.329725e-07
233   SGAC       1      6.396930  8.329725e-07
234   NCTN       1      5.780744  8.329725e-07
235   NAGT       1     10.426736  8.329725e-07
236   GNAG       1      8.006368  8.329725e-07
237   CGTN       1     11.119883  8.329725e-07
238   TTTR       1     13.604790  8.329725e-07
239   TTRT       1     13.604790  8.329725e-07
240   TRTA       1      8.776476  8.329725e-07
241   RTAC       1      7.090077  8.329725e-07
242   TCTK       1     11.407565  8.329725e-07
243   CTKT       1     12.218495  8.329725e-07
244   TKTA       1      8.776476  8.329725e-07
245   GACY       1      6.396930  8.329725e-07
246   GYAT       1      9.615805  8.329725e-07
247   CATR       1      8.922658  8.329725e-07
248   TRCA       1      6.579251  8.329725e-07
249   RCAG       1      7.313220  8.329725e-07
250   WCCT       1     10.021271  8.329725e-07
251   AAAV       1      3.401197  8.329725e-07
252   AAVA       1      3.401197  8.329725e-07
253   AVAA       1      3.401197  8.329725e-07
254   VAAR       1      1.791759  8.329725e-07
255   TACY       1      7.090077  8.329725e-07
256   TTTM       1     13.604790  8.329725e-07
257   TTMC       1     10.385914  8.329725e-07
258   TMCC       1      8.188689  8.329725e-07
259   MCCT       1     10.021271  8.329725e-07
260   AYGG       1      8.817298  8.329725e-07
261   YGGA       1      6.984716  8.329725e-07
262   TAAK       1      5.480639  8.329725e-07
263   AKAA       1      3.401197  8.329725e-07
264   KAAA       1      3.401197  8.329725e-07
265   TGNC       1      9.287301  8.329725e-07
266   CCNA       1      5.192957  8.329725e-07
267   TCNA       1      6.579251  8.329725e-07
268   GCNC       1      7.495542  8.329725e-07
269   CNCT       1     10.021271  8.329725e-07
270   GNGN       1      5.375278  8.329725e-07
271   NTCN       1      4.969813  8.329725e-07
272   GTGY       1     11.302204  8.329725e-07
273   GYAC       1      6.396930  8.329725e-07
274   YACC       1      6.109248  8.329725e-07
275   AATK       1      8.229511  8.329725e-07
276   ATKC       1      8.306472  8.329725e-07
277   GCYA       1      5.886104  8.329725e-07
278   GNTN       1      6.473891  8.329725e-07
279   TNAN       1      3.871201  8.329725e-07
280   ANGN       1      3.988984  8.329725e-07
281   ANNC       1      2.890372  8.329725e-07
282   NCNC       1      3.583519  8.329725e-07
283   ACGN       1      7.718685  8.329725e-07
284   GNTA       1      8.083329  8.329725e-07
285   NCNA       1      2.484907  8.329725e-07
286   TNCN       1      4.969813  8.329725e-07
287   CANT       1      8.922658  8.329725e-07
288   GTTY       1     12.911642  8.329725e-07
289   ANAD       1      1.791759  8.329725e-07
290   NADA       1      1.791759  8.329725e-07
291   GGGY       1     10.203592  8.329725e-07
292   GGYT       1     11.813030  8.329725e-07
293   ATCH       1      8.306472  8.329725e-07
294   TCHA       1      6.579251  8.329725e-07
295   CHAA       1      4.094345  8.329725e-07
296   ACGK       1      7.718685  8.329725e-07
297   CGKT       1     11.119883  8.329725e-07
298   GKTC       1      9.692767  8.329725e-07
299   KTCG       1      9.798127  8.329725e-07
300   GANC       1      6.396930  8.329725e-07
301   GCCY       1      7.495542  8.329725e-07
302   CCYC       1      6.802395  8.329725e-07
303   CYCT       1     10.021271  8.329725e-07
304   AAAK       1      3.401197  8.329725e-07
305   AAKC       1      5.010635  8.329725e-07
306   AKCT       1      9.328123  8.329725e-07
307   CAAK       1      4.094345  8.329725e-07
308   KAGA       1      5.598422  8.329725e-07
309   GTCY       1      9.692767  8.329725e-07
310   GTAK       1      8.083329  8.329725e-07
311   TAKT       1     10.308953  8.329725e-07
312   AKTA       1      6.697034  8.329725e-07
313   ACAS       1      4.499810  8.329725e-07
314   ASTA       1      6.697034  8.329725e-07
315   STAA       1      5.480639  8.329725e-07
316   GCAY       1      5.886104  8.329725e-07
317   RGAG       1      8.006368  8.329725e-07
318   AGCY       1      7.207860  8.329725e-07
319   YATA       1      6.697034  8.329725e-07
320   NNNV       1      0.000000  8.329725e-07
321   NNVC       1      1.386294  8.329725e-07
322   NVCC       1      3.583519  8.329725e-07
323   YTAT       1     10.308953  8.329725e-07
324   CTCK       1      8.999619  8.329725e-07
325   TCKA       1      6.579251  8.329725e-07
326   CKAG       1      7.313220  8.329725e-07
327   KAGG       1      8.817298  8.329725e-07
328   YTAG       1      8.699515  8.329725e-07
329   TTNG       1     11.995352  8.329725e-07
330   TNGG       1     10.896739  8.329725e-07
331   GNCA       1      5.886104  8.329725e-07
332   AGNG       1      8.817298  8.329725e-07
333   YTCG       1      9.798127  8.329725e-07
334   TGRT       1     12.506177  8.329725e-07
335   GRTT       1     12.911642  8.329725e-07
336   RTTG       1     11.995352  8.329725e-07
337   NCCA       1      5.192957  8.329725e-07
338   TGSY       1      6.068426  8.329725e-07
339   GSYT       1      6.473891  8.329725e-07
340   SYTG       1      6.068426  8.329725e-07
341   GCAK       1      5.886104  8.329725e-07
342   AKAT       1      8.229511  8.329725e-07
343   KATA       1      6.697034  8.329725e-07
344   TGCV       1      9.287301  8.329725e-07
345   GCVC       1      7.495542  8.329725e-07
346   CVCC       1      6.802395  8.329725e-07
347   HTTN       1      7.167038  8.329725e-07
348   CWAT       2      8.922658  1.598849e-06
349   GAAR       2      4.787492  1.598849e-06
350   TTGY       2     11.995352  1.598849e-06
351   GGCW       2      8.594154  1.598849e-06
352   GCWA       2      5.886104  1.598849e-06
353   CWAG       2      7.313220  1.598849e-06
354   WAGC       2      7.207860  1.598849e-06
355   GNNA       2      3.178054  1.598849e-06
356   AAYC       2      5.010635  1.598849e-06
357   AYCT       2      9.328123  1.598849e-06
358   TNNC       2      4.969813  1.598849e-06
359   ACCH       2      6.109248  1.598849e-06
360   YTCT       2     11.407565  1.598849e-06
361   ATAN       2      6.697034  1.598849e-06
362   TNAC       2      7.090077  1.598849e-06
363   GNNT       2      6.473891  1.598849e-06
364   ANTC       2      8.306472  1.598849e-06
365   NTCG       2      9.798127  1.598849e-06
366   NANG       2      3.988984  1.598849e-06
367   AGAY       2      5.598422  1.598849e-06
368   GAGY       2      8.006368  1.598849e-06
369   ATNT       2     11.525348  1.598849e-06
370   AYAG       2      6.620073  1.598849e-06
371   ACNA       2      4.499810  1.598849e-06
372   CNTA       2      7.390181  1.598849e-06
373   TANG       2      8.699515  1.598849e-06
374   CNTG       2     10.609057  1.598849e-06
375   AGNC       2      7.207860  1.598849e-06
376   GNCC       2      7.495542  1.598849e-06
377   CCHT       2     10.021271  1.598849e-06
378   CHTT       2     12.218495  1.598849e-06
379   TTHA       2      8.776476  1.598849e-06
380   THAA       2      5.480639  1.598849e-06
381   CTNC       2      8.999619  1.598849e-06
382   TNCC       2      8.188689  1.598849e-06
383   AAYT       2      8.229511  1.598849e-06
384   YTAA       2      5.480639  1.598849e-06
385   CTAY       2      7.390181  1.598849e-06
386   AYCA       2      4.499810  1.598849e-06
387   YCAA       2      4.094345  1.598849e-06
388   ACAY       2      4.499810  1.598849e-06
389   AYTC       2      8.306472  1.598849e-06
390   AYAA       2      3.401197  1.598849e-06
391   YAAA       2      3.401197  1.598849e-06
392   GTKC       2      9.692767  1.598849e-06
393   KCTG       2     10.609057  1.598849e-06
394   NANT       2      5.087596  1.598849e-06
395   CNCA       2      5.192957  1.598849e-06
396   NAGC       2      7.207860  1.598849e-06
397   TKAC       2      7.090077  1.598849e-06
398   KACC       2      6.109248  1.598849e-06
399   GATN       2      9.615805  1.598849e-06
400   CNAA       2      4.094345  1.598849e-06
401   TANC       2      7.090077  1.598849e-06
402   ANCT       2      9.328123  1.598849e-06
403   CNGG       2      9.510445  1.598849e-06
404   RAAA       2      3.401197  1.598849e-06
405   TCYA       2      6.579251  1.598849e-06
406   CYAA       2      4.094345  1.598849e-06
407   ACTY       2      9.328123  1.598849e-06
408   ACRC       2      6.109248  1.598849e-06
409   CRCG       2      8.411833  1.598849e-06
410   RCGG       2      9.510445  1.598849e-06
411   AGTY       2     10.426736  1.598849e-06
412   GTYT       2     12.911642  1.598849e-06
413   TTTY       2     13.604790  1.598849e-06
414   TYAA       2      5.480639  1.598849e-06
415   CAST       2      8.922658  1.598849e-06
416   GGCY       2      8.594154  1.598849e-06
417   GCYT       2     10.714418  1.598849e-06
418   CYTT       2     12.218495  1.598849e-06
419   TTGR       2     11.995352  1.598849e-06
420   GRCT       2     10.714418  1.598849e-06
421   TNGC       2      9.287301  1.598849e-06
422   TTSC       2     10.385914  1.598849e-06
423   AATY       2      8.229511  1.598849e-06
424   TATY       2     10.308953  1.598849e-06
425   TGAN       2      7.677864  1.598849e-06
426   ATGR       2      9.915910  1.598849e-06
427   ATRC       2      8.306472  1.598849e-06
428   GGRT       2     11.813030  1.598849e-06
429   GRTG       2     11.302204  1.598849e-06
430   RTGT       2     12.506177  1.598849e-06
431   CAKA       2      4.094345  1.598849e-06
432   AKAG       2      6.620073  1.598849e-06
433   TYAG       2      8.699515  1.598849e-06
434   YATC       2      8.306472  1.598849e-06
435   AARA       2      3.401197  1.598849e-06
436   CAAW       2      4.094345  1.598849e-06
437   AAWC       2      5.010635  1.598849e-06
438   AWCC       2      6.109248  1.598849e-06
439   NNAM       2      0.693147  1.598849e-06
440   NAMA       2      1.791759  1.598849e-06
441   CAYC       2      5.703782  1.598849e-06
442   GSCT       2     10.714418  1.598849e-06
443   SCTG       2     10.609057  1.598849e-06
444   AANC       2      5.010635  1.598849e-06
445   ANCG       2      7.718685  1.598849e-06
446   NGCN       2      4.276666  1.598849e-06
447   AAGY       2      6.620073  1.598849e-06
448   YTGA       2      7.677864  1.598849e-06
449   CGNA       2      6.291569  1.598849e-06
450   AAAR       2      3.401197  1.598849e-06
451   ARGA       2      5.598422  1.598849e-06
452   ANAT       2      8.229511  1.598849e-06
453   GCGN       2      9.104980  1.598849e-06
454   CGGN       2      9.510445  1.598849e-06
455   CNGC       2      7.901007  1.598849e-06
456   CCNT       2     10.021271  1.598849e-06
457   NGGC       2      8.594154  1.598849e-06
458   TNAT       2     10.308953  1.598849e-06
459   YTCA       2      6.579251  1.598849e-06
460   ANAG       2      6.620073  1.598849e-06
461   TNGT       2     12.506177  1.598849e-06
462   NCCG       2      8.411833  1.598849e-06
463   YTTG       2     11.995352  1.598849e-06
464   KTAC       2      7.090077  1.598849e-06
465   CTGY       2     10.609057  1.598849e-06
466   TGYA       2      7.677864  1.598849e-06
467   GNGC       2      8.594154  1.598849e-06
468   AAKA       2      3.401197  1.598849e-06
469   GNAT       2      9.615805  1.598849e-06
470   TTNA       2      8.776476  1.598849e-06
471   CGNT       2     11.119883  1.598849e-06
472   CNAT       2      8.922658  1.598849e-06
473   CYAG       2      7.313220  1.598849e-06
474   YAGC       2      7.207860  1.598849e-06
475   GYTC       2      9.692767  1.598849e-06
476   VCCA       2      5.192957  1.598849e-06
477   CTNT       2     12.218495  1.598849e-06
478   AARG       3      6.620073  2.339400e-06
479   YGTT       3     12.911642  2.339400e-06
480   GNNG       3      5.375278  2.339400e-06
481   GGNG       3     10.203592  2.339400e-06
482   NGAC       3      6.396930  2.339400e-06
483   YCTA       3      7.390181  2.339400e-06
484   NTNT       3      7.167038  2.339400e-06
485   GCCN       3      7.495542  2.339400e-06
486   CGNN       3      4.682131  2.339400e-06
487   ANGG       3      8.817298  2.339400e-06
488   YTTA       3      8.776476  2.339400e-06
489   TGCR       3      9.287301  2.339400e-06
490   GCRC       3      7.495542  2.339400e-06
491   CRCC       3      6.802395  2.339400e-06
492   RCCA       3      5.192957  2.339400e-06
493   KCTT       3     12.218495  2.339400e-06
494   AAYA       3      3.401197  2.339400e-06
495   YAGT       3     10.426736  2.339400e-06
496   ACNG       3      7.718685  2.339400e-06
497   CNGT       3     11.119883  2.339400e-06
498   GNAA       3      4.787492  2.339400e-06
499   TGCN       3      9.287301  2.339400e-06
500   TCAY       3      6.579251  2.339400e-06
501   CAYG       3      7.313220  2.339400e-06
502   TAYT       3     10.308953  2.339400e-06
503   ATGY       3      9.915910  2.339400e-06
504   GYTT       3     12.911642  2.339400e-06
505   YTTC       3     10.385914  2.339400e-06
506   TAYA       3      5.480639  2.339400e-06
507   CANC       3      5.703782  2.339400e-06
508   NTAA       3      5.480639  2.339400e-06
509   NATC       3      8.306472  2.339400e-06
510   AYAT       3      8.229511  2.339400e-06
511   CANA       3      4.094345  2.339400e-06
512   NTCC       3      8.188689  2.339400e-06
513   NAGA       3      5.598422  2.339400e-06
514   NNCC       3      3.583519  2.339400e-06
515   NCTC       3      8.999619  2.339400e-06
516   NACC       3      6.109248  2.339400e-06
517   GCNG       3      9.104980  2.339400e-06
518   NNCG       3      4.682131  2.339400e-06
519   GTCN       3      9.692767  2.339400e-06
520   CACR       3      5.703782  2.339400e-06
521   CATY       3      8.922658  2.339400e-06
522   ATYG       3      9.915910  2.339400e-06
523   TYGT       3     12.506177  2.339400e-06
524   YAAT       3      8.229511  2.339400e-06
525   YGTA       3      8.083329  2.339400e-06
526   TYTA       3      8.776476  2.339400e-06
527   ATCN       3      8.306472  2.339400e-06
528   NTCA       3      6.579251  2.339400e-06
529   TYAT       3     10.308953  2.339400e-06
530   YTAC       3      7.090077  2.339400e-06
531   AGGR       3      8.817298  2.339400e-06
532   TGRC       3      9.287301  2.339400e-06
533   NGCG       3      9.104980  2.339400e-06
534   YTGG       3     10.896739  2.339400e-06
535   AGYT       3     10.426736  2.339400e-06
536   GYTA       3      8.083329  2.339400e-06
537   GANT       3      9.615805  2.339400e-06
538   RCTG       3     10.609057  2.339400e-06
539   ARAA       3      3.401197  2.339400e-06
540   AANG       3      6.620073  2.339400e-06
541   ANGT       3     10.426736  2.339400e-06
542   TGAM       3      7.677864  2.339400e-06
543   ATTY       3     11.525348  2.339400e-06
544   TTGS       3     11.995352  2.339400e-06
545   TGAY       3      7.677864  2.339400e-06
546   NGCC       3      7.495542  2.339400e-06
547   CGCN       3      7.901007  2.339400e-06
548   NAGG       3      8.817298  2.339400e-06
549   TGNA       3      7.677864  2.339400e-06
550   GCAN       3      5.886104  2.339400e-06
551   GGGN       3     10.203592  2.339400e-06
552   NGNT       3      6.473891  2.339400e-06
553   GNTC       3      9.692767  2.339400e-06
554   GTNC       4      9.692767  3.063505e-06
555   AACY       4      5.010635  3.063505e-06
556   CYAC       4      5.703782  3.063505e-06
557   CATN       4      8.922658  3.063505e-06
558   ATTN       4     11.525348  3.063505e-06
559   HAAC       4      5.010635  3.063505e-06
560   TNTA       4      8.776476  3.063505e-06
561   TANT       4     10.308953  3.063505e-06
562   TNNT       4      7.167038  3.063505e-06
563   TNNA       4      3.871201  3.063505e-06
564   NANN       4      0.693147  3.063505e-06
565   ANNT       4      5.087596  3.063505e-06
566   TCGN       4      9.798127  3.063505e-06
567   NCNN       4      1.386294  3.063505e-06
568   NGNN       4      2.079442  3.063505e-06
569   GTAN       4      8.083329  3.063505e-06
570   ANTA       4      6.697034  3.063505e-06
571   GAYT       4      9.615805  3.063505e-06
572   GTTN       4     12.911642  3.063505e-06
573   NATG       4      9.915910  3.063505e-06
574   TCAN       4      6.579251  3.063505e-06
575   TKCT       4     11.407565  3.063505e-06
576   CNTT       4     12.218495  3.063505e-06
577   NCCT       4     10.021271  3.063505e-06
578   CCTN       4     10.021271  3.063505e-06
579   AYTG       4      9.915910  3.063505e-06
580   AYGT       4     10.426736  3.063505e-06
581   TTAY       4      8.776476  3.063505e-06
582   CAYT       4      8.922658  3.063505e-06
583   CNNT       4      5.780744  3.063505e-06
584   CTCN       4      8.999619  3.063505e-06
585   ANCA       4      4.499810  3.063505e-06
586   CCAY       4      5.192957  3.063505e-06
587   YATT       4     11.525348  3.063505e-06
588   NGAG       4      8.006368  3.063505e-06
589   ANAC       4      5.010635  3.063505e-06
590   NCGT       4     11.119883  3.063505e-06
591   CCAN       4      5.192957  3.063505e-06
592   TYAC       4      7.090077  3.063505e-06
593   YACT       4      9.328123  3.063505e-06
594   ATYT       4     11.525348  3.063505e-06
595   GTNG       4     11.302204  3.063505e-06
596   TYTT       4     13.604790  3.063505e-06
597   TACW       4      7.090077  3.063505e-06
598   ACWT       4      9.328123  3.063505e-06
599   CWTC       4      8.999619  3.063505e-06
600   GGWG       4     10.203592  3.063505e-06
601   GWGA       4      6.984716  3.063505e-06
602   WGAT       4      9.615805  3.063505e-06
603   ATGS       4      9.915910  3.063505e-06
604   GSCA       4      5.886104  3.063505e-06
605   SCAC       4      5.703782  3.063505e-06
606   GAMA       4      4.787492  3.063505e-06
607   NGAT       4      9.615805  3.063505e-06
608   ANTG       4      9.915910  3.063505e-06
609   GNTG       4     11.302204  3.063505e-06
610   AGNT       4     10.426736  3.063505e-06
611   NGCA       4      5.886104  3.063505e-06
612   TNCA       5      6.579251  3.775381e-06
613   ACYA       5      4.499810  3.775381e-06
614   YACA       5      4.499810  3.775381e-06
615   CTNA       5      7.390181  3.775381e-06
616   NAAG       5      6.620073  3.775381e-06
617   NCAC       5      5.703782  3.775381e-06
618   ANTT       5     11.525348  3.775381e-06
619   TGGN       5     10.896739  3.775381e-06
620   TGNT       5     12.506177  3.775381e-06
621   ACCN       5      6.109248  3.775381e-06
622   ATNA       5      6.697034  3.775381e-06
623   NNCN       5      1.386294  3.775381e-06
624   NNGN       5      2.079442  3.775381e-06
625   TNTG       5     11.995352  3.775381e-06
626   AGCN       5      7.207860  3.775381e-06
627   CACN       5      5.703782  3.775381e-06
628   TGYT       5     12.506177  3.775381e-06
629   NGTA       5      8.083329  3.775381e-06
630   NCAT       5      8.922658  3.775381e-06
631   TTCN       5     10.385914  3.775381e-06
632   WTCA       5      6.579251  3.775381e-06
633   NTTC       5     10.385914  3.775381e-06
634   AGGW       5      8.817298  3.775381e-06
635   TYTG       5     11.995352  3.775381e-06
636   TTYA       5      8.776476  3.775381e-06
637   CTTY       5     12.218495  3.775381e-06
638   GATY       5      9.615805  3.775381e-06
639   ATYA       5      6.697034  3.775381e-06
640   TTYT       5     13.604790  3.775381e-06
641   ACTN       5      9.328123  3.775381e-06
642   GGTN       5     11.813030  3.775381e-06
643   NATA       6      6.697034  4.477511e-06
644   AAGN       6      6.620073  4.477511e-06
645   AANT       6      8.229511  4.477511e-06
646   AYTT       6     11.525348  4.477511e-06
647   TACN       6      7.090077  4.477511e-06
648   ACNT       6      9.328123  4.477511e-06
649   YTGT       6     12.506177  4.477511e-06
650   NGTC       6      9.692767  4.477511e-06
651   TCCN       6      8.188689  4.477511e-06
652   ATGN       6      9.915910  4.477511e-06
653   NGGT       6     11.813030  4.477511e-06
654   TGSC       6      9.287301  4.477511e-06
655   MAAA       6      3.401197  4.477511e-06
656   NTGG       6     10.896739  4.477511e-06
657   NTAT       7     10.308953  5.171537e-06
658   CAAY       7      4.094345  5.171537e-06
659   TTNT       7     13.604790  5.171537e-06
660   CTGN       7     10.609057  5.171537e-06
661   GGAN       7      6.984716  5.171537e-06
662   NGGA       7      6.984716  5.171537e-06
663   GTGN       7     11.302204  5.171537e-06
664   NTGC       7      9.287301  5.171537e-06
665   NTGA       7      7.677864  5.171537e-06
666   NCTT       7     12.218495  5.171537e-06
667   NTCT       7     11.407565  5.171537e-06
668   GTNT       7     12.911642  5.171537e-06
669   YTTT       7     13.604790  5.171537e-06
670   NNAG       7      3.988984  5.171537e-06
671   NGAA       7      4.787492  5.171537e-06
672   AMAA       7      3.401197  5.171537e-06
673   NTAC       7      7.090077  5.171537e-06
674   NGCT       8     10.714418  5.858625e-06
675   CAAN       8      4.094345  5.858625e-06
676   AGAN       8      5.598422  5.858625e-06
677   NTAG       8      8.699515  5.858625e-06
678   NTTA       8      8.776476  5.858625e-06
679   ANNA       8      1.791759  5.858625e-06
680   NTTG       8     11.995352  5.858625e-06
681   NNAN       8      0.693147  5.858625e-06
682   NTNN       8      2.772589  5.858625e-06
683   GGCN       8      8.594154  5.858625e-06
684   NCTA       8      7.390181  5.858625e-06
685   NCTG       8     10.609057  5.858625e-06
686   GACN       8      6.396930  5.858625e-06
687   CTTN       8     12.218495  5.858625e-06
688   NAAT       8      8.229511  5.858625e-06
689   NCAG       8      7.313220  5.858625e-06
690   NTGT       8     12.506177  5.858625e-06
691   TATN       9     10.308953  6.539647e-06
692   TGTN       9     12.506177  6.539647e-06
693   ACAN       9      4.499810  6.539647e-06
694   TCTN       9     11.407565  6.539647e-06
695   TAGN       9      8.699515  6.539647e-06
696   GCTN       9     10.714418  6.539647e-06
697   AATN       9      8.229511  6.539647e-06
698   TAAN       9      5.480639  6.539647e-06
699   NNTN       9      2.772589  6.539647e-06
700   NNTC       9      4.969813  6.539647e-06
701   AGTN       9     10.426736  6.539647e-06
702   GTNN       9      6.473891  6.539647e-06
703   TANA       9      5.480639  6.539647e-06
704   ANAN      10      1.791759  7.215281e-06
705   TNAA      10      5.480639  7.215281e-06
706   NNGG      10      5.375278  7.215281e-06
707   GGNT      10     11.813030  7.215281e-06
708   CTAN      10      7.390181  7.215281e-06
709   NANA      11      1.791759  7.886066e-06
710   NACT      11      9.328123  7.886066e-06
711   TNTT      11     13.604790  7.886066e-06
712   NCAA      12      4.094345  8.552445e-06
713   TTGN      12     11.995352  8.552445e-06
714   CCNN      12      3.583519  8.552445e-06
715   NAAC      12      5.010635  8.552445e-06
716   NGTG      12     11.302204  8.552445e-06
717   NGTT      13     12.911642  9.214786e-06
718   CANN      13      2.484907  9.214786e-06
719   NNGC      13      4.276666  9.214786e-06
720   AACN      13      5.010635  9.214786e-06
721   TCNN      13      4.969813  9.214786e-06
722   NNTG      13      6.068426  9.214786e-06
723   GANN      14      3.178054  9.873401e-06
724   GGNN      14      5.375278  9.873401e-06
725   NNTA      15      3.871201  1.052856e-05
726   NATT      15     11.525348  1.052856e-05
727   TTTN      15     13.604790  1.052856e-05
728   GAAN      15      4.787492  1.052856e-05
729   GNTT      15     12.911642  1.052856e-05
730   CAGN      15      7.313220  1.052856e-05
731   NNGA      16      3.178054  1.118048e-05
732   GCNN      16      4.276666  1.118048e-05
733   ATNN      17      5.087596  1.182938e-05
734   AANA      17      3.401197  1.182938e-05
735   GAGN      17      8.006368  1.182938e-05
736   AGGN      17      8.817298  1.182938e-05
737   NNTT      17      7.167038  1.182938e-05
738   TTAN      17      8.776476  1.182938e-05
739   AAAN      18      3.401197  1.247543e-05
740   CTNN      18      5.780744  1.247543e-05
741   NACA      18      4.499810  1.247543e-05
742   ANAA      18      3.401197  1.247543e-05
743   TANN      18      3.871201  1.247543e-05
744   NNCA      19      2.484907  1.311879e-05
745   ACNN      20      2.890372  1.375960e-05
746   TTNN      21      7.167038  1.439799e-05
747   NNAT      21      5.087596  1.439799e-05
748   AANN      22      1.791759  1.503407e-05
749   TGNN      23      6.068426  1.566796e-05
750   NNCT      24      5.780744  1.629974e-05
751   NNAC      26      2.890372  1.755732e-05
752   NNGT      29      6.473891  1.942990e-05
753   NTTT      31     13.604790  2.066983e-05
754   NNAA      40      1.791759  2.617727e-05
755   AGNN      40      3.988984  2.617727e-05
756   NAAA      48      3.401197  3.098916e-05
757   NNNT      49      2.772589  3.158587e-05
758   NNNC      50      1.386294  3.218159e-05
759   ANNN      58      0.693147  3.691400e-05
760   CNNN      60      1.386294  3.808845e-05
761   TNNN      64      2.772589  4.042776e-05
762   NNNG      70      2.079442  4.391426e-05
763   GNNN      77      2.079442  4.795049e-05
764   NNNA      90      0.693147  5.536648e-05
765   NNNN    4460      0.000000  1.901184e-03
766   CGGG    9922     15.348175  3.845508e-03
767   CCGG    9935     14.249563  3.849917e-03
768   CGAG   11764     12.129300  4.462460e-03
769   CGCG   12902     13.738737  4.836479e-03
770   CCCG   12976     12.640125  4.860627e-03
771   CGCC   12995     11.792827  4.866824e-03
772   CCCC   13751     10.694215  5.112323e-03
773   GCGG   13908     14.942710  5.163050e-03
774   GGGG   14811     16.041323  5.453176e-03
775   TCCG   14844     14.026420  5.463727e-03
776   CGAC   15018     10.183389  5.519302e-03
777   CGGA   15921     11.456355  5.806172e-03
778   CCGA   16763     10.357743  6.071426e-03
779   GCCC   16910     11.387362  6.117523e-03
780   GCCG   16940     13.333272  6.126922e-03
781   GCGC   16998     12.996800  6.145088e-03
782   GGCG   19005     14.431885  6.767996e-03
783   CCGC   19985     12.303653  7.068356e-03
784   GCGA   20004     11.050890  7.074156e-03
785   CGGC   20890     13.402265  7.343660e-03
786   ATCG   20922     14.144203  7.353360e-03
787   GTCG   20927     15.530497  7.354875e-03
788   TCGA   21701     11.744037  7.588754e-03
789   TCGG   21892     15.635857  7.646261e-03
790   AGCG   21998     13.045590  7.678141e-03
791   CGTC   22042     15.011703  7.691367e-03
792   TCGC   26002     13.689947  8.865243e-03
793   CCGT   26914     16.195473  9.131279e-03
794   CGCT   28010     15.684648  9.449014e-03
795   TCCC   28277     12.080509  9.526101e-03
796   ACCG   28835     11.946978  9.686811e-03
797   CGGT   28891     17.294086  9.702911e-03
798   GGTC   28970     15.704850  9.725614e-03
799   GACG   28972     12.234660  9.726188e-03
800   ACGG   29888     13.556416  9.988671e-03
801   GGGC   30994     14.095412  1.030379e-02
802   CTCC   30995     12.891440  1.030408e-02
803   CGAT   31596     14.075210  1.047451e-02
804   CTCG   31807     14.837350  1.053421e-02
805   GGCC   31905     12.485975  1.056191e-02
806   GGGA   32628     12.149502  1.076587e-02
807   ACGC   33821     11.610506  1.110073e-02
808   TGCG   33969     15.125032  1.114213e-02
809   ACGA   35943      9.664596  1.169135e-02
810   CGAA   36032      8.237479  1.171599e-02
811   GCGT   36965     16.888620  1.197362e-02
812   TTCG   37853     16.223644  1.221777e-02
813   CCCA   38215      8.748305  1.231701e-02
814   CACG   40735     11.541513  1.300332e-02
815   CGTA   40977     13.065793  1.306882e-02
816   TCGT   41969     17.581768  1.333661e-02
817   CGCA   42895      9.846917  1.358556e-02
818   CGTT   44928     18.903523  1.412875e-02
819   AACG   45084     10.848366  1.417025e-02
820   GTCC   46826     13.584587  1.463185e-02
821   AGCC   47572     11.099680  1.482856e-02
822   TACG   48836     12.927807  1.516058e-02
823   GGAT   49173     14.768357  1.524883e-02
824   CCCT   49751     14.586035  1.539993e-02
825   ATCC   50938     12.198292  1.570923e-02
826   GAGC   53121     11.898188  1.627457e-02
827   AGGG   53387     14.655028  1.634316e-02
828   GCTC   53955     14.606238  1.648940e-02
829   CCTC   53975     13.913091  1.649455e-02
830   GACC   54859     10.288750  1.672156e-02
831   GGGT   55677     17.987233  1.693101e-02
832   ACCC   55757     10.001068  1.695146e-02
833   TGGG   55996     16.734470  1.701253e-02
834   TAGG   58133     14.537245  1.755641e-02
835   GATC   59555     13.507626  1.791620e-02
836   AGGC   60772     12.709118  1.822282e-02
837   CGTG   61876     16.957613  1.849994e-02
838   GGAG   62291     12.822447  1.860387e-02
839   ACGT   63972     15.502326  1.902347e-02
840   GAGG   64802     13.844098  1.922986e-02
841   CCTG   66856     15.859001  1.973840e-02
842   GGAC   69806     10.876537  2.046347e-02
843   CAGC   70790     11.205041  2.070397e-02
844   GCCT   74886     15.279183  2.169805e-02
845   TATC   75906     14.200773  2.194389e-02
846   AGTC   76109     14.318556  2.199274e-02
847   TCTC   77640     15.299385  2.236030e-02
848   GCCA   77669      9.441452  2.236725e-02
849   GCAT   77909     13.669745  2.242473e-02
850   GGCA   78912     10.540064  2.266457e-02
851   TCCT   78986     15.972330  2.268224e-02
852   CCAG   79343     11.030687  2.276745e-02
853   GAGA   79418      9.952278  2.278534e-02
854   TTCC   79487     14.277734  2.280179e-02
855   GCAG   80683     11.723834  2.308656e-02
856   TAGC   80816     12.591335  2.311817e-02
857   GATA   81010     11.561716  2.316427e-02
858   CCAC   81714      9.084777  2.333135e-02
859   CCAT   83741     12.976597  2.381080e-02
860   CAGG   84322     13.150951  2.394778e-02
861   AGCA   85802      9.153770  2.429585e-02
862   TCCA   86028     10.134599  2.434889e-02
863   AGGA   88552     10.763208  2.493933e-02
864   CTAG   88745     13.227912  2.498434e-02
865   TGAG   89963     13.515594  2.526789e-02
866   ATAG   91213     12.534765  2.555806e-02
867   CTCT   92511     16.783260  2.585849e-02
868   GGCT   92727     16.377795  2.590840e-02
869   TGCC   93933     13.179122  2.618661e-02
870   GTAT   93959     15.866969  2.619260e-02
871   CATC   94087     12.814479  2.622209e-02
872   GAAC   94808      8.679312  2.638800e-02
873   AAGC   94995     10.511894  2.643099e-02
874   GTTC   94996     16.803463  2.643122e-02
875   GCAC   97705      9.777924  2.705199e-02
876   GAGT   97809     15.790008  2.707575e-02
877   CACC   97830      9.595603  2.708055e-02
878   GACT   97905     14.180570  2.709768e-02
879   GTCA   97998     11.638677  2.711891e-02
880   GGAA   98682      8.930626  2.727497e-02
881   CTGG   99949     16.446788  2.756345e-02
882   ACTC  100588     13.219944  2.770864e-02
883   GTCT  102797     17.476407  2.820907e-02
884   TAAG  102978     11.318369  2.824997e-02
885   CCTA  104004     11.967181  2.848153e-02
886   TACC  106198     10.981897  2.897505e-02
887   AGTA  106588     12.372646  2.906255e-02
888   TCTG  106698     17.245295  2.908722e-02
889   CCAA  107143      7.138867  2.918695e-02
890   ATAC  108454     10.588855  2.948024e-02
891   CATA  108475     10.868568  2.948493e-02
892   AATC  108720     12.121331  2.953966e-02
893   TGGC  109902     14.788560  2.980329e-02
894   ATAT  110851     14.480675  3.001451e-02
895   TCAC  110914     10.471072  3.002852e-02
896   CTGC  111382     14.500878  3.013253e-02
897   GTGC  112697     15.194025  3.042426e-02
898   GTGG  113848     17.139935  3.067900e-02
899   AACC  114144      8.902456  3.074442e-02
900   CAGT  114695     15.096861  3.086609e-02
901   GCAA  114873      7.832014  3.090537e-02
902   TCAG  115465     12.416982  3.103592e-02
903   CTGA  116942     12.554967  3.136098e-02
904   CCTT  117286     17.804911  3.143656e-02
905   GTAG  117459     13.921059  3.147455e-02
906   AGAC  117942      9.490242  3.158055e-02
907   AAGG  119145     12.457804  3.184415e-02
908   CAAG  119874      9.932075  3.200360e-02
909   GGTA  120494     13.758940  3.213904e-02
910   CATG  120570     14.760389  3.215563e-02
911   GAAT  121443     12.571132  3.234605e-02
912   AGGT  123659     16.600938  3.282805e-02
913   GTAA  125414     10.029239  3.320842e-02
914   CTAC  126381     11.282002  3.341749e-02
915   TCAT  127300     14.362892  3.361585e-02
916   TTAG  128362     14.614206  3.384467e-02
917   GATT  128718     17.399446  3.392128e-02
918   ATCT  129633     16.090113  3.411797e-02
919   CTTC  129990     16.110315  3.419463e-02
920   GTAC  130724     11.975149  3.435208e-02
921   CTCA  130845     10.945529  3.437802e-02
922   AGAG  131169     11.436152  3.444745e-02
923   ATTC  132976     15.417168  3.483394e-02
924   TAAC  134280      9.372459  3.511211e-02
925   GTGA  134616     13.248115  3.518369e-02
926   TGAC  136229     11.569684  3.552673e-02
927   ATCA  136777     10.252382  3.564307e-02
928   TATA  137302     12.254863  3.575442e-02
929   TAGT  137869     16.483155  3.587457e-02
930   ACCT  138473     13.892888  3.600244e-02
931   GCTA  138736     12.660328  3.605808e-02
932   TGTC  141423     16.397998  3.662514e-02
933   TGGA  142850     12.842649  3.692528e-02
934   TCTA  142859     13.353475  3.692717e-02
935   AATA  143505     10.175421  3.706282e-02
936   AGCT  144342     14.991500  3.723836e-02
937   AGTG  145503     16.264466  3.748147e-02
938   GGTT  146129     19.596671  3.761236e-02
939   TAGA  148860     10.645425  3.818189e-02
940   AGAT  149891     13.382063  3.839627e-02
941   ACCA  150022      8.055158  3.842348e-02
942   GAAG  151875     10.625222  3.880783e-02
943   ATGC  152757     13.807730  3.899039e-02
944   CACA  155739      7.649693  3.960580e-02
945   AAGT  155972     14.403714  3.965377e-02
946   ACTG  156857     15.165854  3.983582e-02
947   TTTC  157050     17.496610  3.987548e-02
948   GACA  157076      8.342840  3.988083e-02
949   GGTG  157632     17.650761  3.999504e-02
950   ATAA  159800      8.642944  4.043946e-02
951   ACAG  160707     10.337540  4.062497e-02
952   CATT  160872     16.706299  4.065869e-02
953   GCTT  163394     18.498058  4.117308e-02
954   GCTG  163445     16.552148  4.118346e-02
955   CACT  163539     13.487423  4.120260e-02
956   TGCA  163564     11.233212  4.120768e-02
957   TTGG  165047     17.833082  4.150920e-02
958   CTGT  165592     18.392698  4.161985e-02
959   GAAA  165798      6.733402  4.166165e-02
960   CAGA  166389      9.259131  4.178150e-02
961   ACAC  167509      8.391630  4.200835e-02
962   CTTG  167766     18.056226  4.206035e-02
963   GATG  169069     15.453536  4.232372e-02
964   TTGC  169087     15.887172  4.232735e-02
965   CTAT  169690     15.173822  4.244906e-02
966   ACTA  172859     11.274034  4.308701e-02
967   CTAA  173641      9.336092  4.324400e-02
968   ATGG  174877     15.753641  4.349178e-02
969   CAAT  175853     11.877985  4.368714e-02
970   AGTT  178135     18.210376  4.414289e-02
971   GTTA  179044     14.857552  4.432404e-02
972   TTCA  183006     12.331824  4.511101e-02
973   ATGA  186296     11.861820  4.576134e-02
974   TGTG  186352     18.343908  4.577238e-02
975   ATTG  189051     17.363078  4.630375e-02
976   CTTA  189127     14.164405  4.631868e-02
977   GTGT  190194     19.085845  4.652821e-02
978   AAAC  190629      7.293018  4.661355e-02
979   TTGA  190812     13.941262  4.664943e-02
980   CAAC  193170      7.986165  4.711109e-02
981   TGAA  194777      9.623774  4.742491e-02
982   TCAA  194949      8.525161  4.745846e-02
983   ACAT  195057     12.283450  4.747952e-02
984   AACT  198326     12.794276  4.811570e-02
985   TGTA  199492     14.452087  4.834199e-02
986   TATG  199831     16.146683  4.840771e-02
987   GTTG  202871     18.749373  4.899588e-02
988   AAAG  204059      9.238928  4.922513e-02
989   AGAA  204460      7.544332  4.930244e-02
990   TGAT  207688     15.461504  4.992336e-02
991   TATT  208134     18.092593  5.000896e-02
992   AAGA  208699      8.565983  5.011733e-02
993   ATGT  208981     17.699551  5.017139e-02
994   CAAA  211779      6.040255  5.070680e-02
995   TCTT  212407     19.191206  5.082673e-02
996   TACT  213843     14.873717  5.110061e-02
997   TTCT  214665     18.169554  5.125718e-02
998   TAAT  217131     13.264280  5.172596e-02
999   ATTA  217844     13.471258  5.186125e-02
1000  GTTT  222219     20.695283  5.268893e-02
1001  ATTT  231630     19.308989  5.445531e-02
1002  AATG  233381     14.067242  5.478190e-02
1003  TACA  238816      9.035987  5.579157e-02
1004  TTAC  242111     12.668296  5.640077e-02
1005  ACTT  243372     17.111764  5.663333e-02
1006  AAAT  244826     11.184838  5.690110e-02
1007  TGGT  244979     18.680380  5.692925e-02
1008  TTAT  246656     16.560116  5.723752e-02
1009  CTTT  249584     20.002136  5.777442e-02
1010  TGCT  254456     17.070942  5.866411e-02
1011  AACA  255364      6.956545  5.882943e-02
1012  AAAA  256842      5.347108  5.909818e-02
1013  TTAA  257615     10.722386  5.923857e-02
1014  TTTG  257696     19.442520  5.925328e-02
1015  TAAA  262175      7.426549  6.006450e-02
1016  AATT  273630     16.013152  6.212249e-02
1017  ACAA  283723      6.445720  6.391652e-02
1018  TTTA  288706     15.550700  6.479580e-02
1019  TTGT  292432     19.778992  6.545055e-02
1020  TTTT  301359     21.388430  6.700995e-02
1021  TGTT  329895     20.289818  7.191064e-02