     K-mer  Value  Godel_number   Entropy
0    TCGAG      1     18.937723  0.018954
1    GAGTC      1     20.585799  0.018954
2    AGTCC      1     19.114347  0.018954
3    GTCCA      1     15.982482  0.018954
4    TCCAA      1     12.532495  0.018954
5    CCAAT      1     16.730448  0.018954
6    CAATC      1     16.673776  0.018954
7    AATCC      1     16.917122  0.018954
8    ATCCA      1     14.596188  0.018954
9    TCCAG      1     17.328285  0.018954
10   CCAGC      1     15.826478  0.018954
11   CAGCT      1     20.796622  0.018954
12   AGCTC      1     19.787291  0.018954
13   GCTCA      1     17.004133  0.018954
14   CTCAT      1     20.537111  0.018954
15   ATTTC      1     24.104779  0.018954
16   TTTCT      1     27.088191  0.018954
17   TTCTG      1     25.363240  0.018954
18   TCTGG      1     24.438981  0.018954
19   CTGGC      1     21.242578  0.018954
20   GGCTG      1     23.571481  0.018954
21   GCTGT      1     26.143729  0.018954
22   TGCAT      1     20.824793  0.018954
23   GCATT      1     23.261326  0.018954
24   ATTCA      1     17.815064  0.018954
25   TTCAC      1     17.127614  0.018954
26   TCACT      1     20.062653  0.018954
27   CACTT      1     23.079004  0.018954
28   ACTTG      1     24.305450  0.018954
29   CTTGC      1     22.852016  0.018954
30   TTGCA      1     18.285067  0.018954
31   GCACG      1     16.971610  0.018954
32   CACGC      1     16.337303  0.018954
33   ACGCC      1     16.406296  0.018954
34   CGCCG      1     18.986513  0.018954
35   GCCGG      1     20.526958  0.018954
36   CCGGG      1     21.443249  0.018954
37   GGGGC      1     20.837113  0.018954
38   GGGCG      1     21.289098  0.018954
39   GGCGA      1     16.829780  0.018954
40   GCGAG      1     18.244576  0.018954
41   GAGTT      1     25.381589  0.018954
42   AGTTG      1     25.404062  0.018954
43   TTGGC      1     22.628873  0.018954
44   GGCTC      1     21.173585  0.018954
45   GCTCT      1     24.197819  0.018954
46   TCTTG      1     26.384891  0.018954
47   CTTGA      1     20.454121  0.018954
48   TCTCA      1     17.697281  0.018954
49   CTCAC      1     15.741320  0.018954
50   TCACA      1     12.868967  0.018954
51   GCACC      1     14.573715  0.018954
52   ACCTT      1     23.484469  0.018954
53   TCTCG      1     22.493071  0.018954
54   CTCGT      1     24.428931  0.018954
55   TCGTG      1     24.775453  0.018954
56   CGTGC      1     21.753404  0.018954
57   GTGCC      1     19.989815  0.018954
58   TGCCT      1     22.770703  0.018954
59   GCCTT      1     24.870764  0.018954
60   TCTCC      1     20.095176  0.018954
61   CTCCG      1     20.085125  0.018954
62   CCGTC      1     20.991264  0.018954
63   CGTCC      1     19.807494  0.018954
64   GTCCT      1     23.176168  0.018954
65   TCCTT      1     25.563911  0.018954
66   CCTTT      1     27.396492  0.018954
67   CTTTG      1     27.195822  0.018954
68   TTTGT      1     29.034101  0.018954
69   TTGTT      1     29.370573  0.018954
70   TTGGG      1     25.026768  0.018954
71   TGGGT      1     26.326051  0.018954
72   GGGTG      1     25.180919  0.018954
73   GTGAC      1     18.043905  0.018954
74   TGACT      1     21.161265  0.018954
75   GACTC      1     18.976361  0.018954
76   ACTCC      1     18.015734  0.018954
77   CTCCA      1     15.289335  0.018954
78   TCCAC      1     14.930390  0.018954
79   CCACC      1     13.880568  0.018954
80   CACCG      1     16.789289  0.018954
81   ACCGC      1     16.742769  0.018954
82   CCGCT      1     21.895234  0.018954
83   CGCTC      1     20.480438  0.018954
84   GCTCG      1     21.799924  0.018954
85   CTCGC      1     19.633140  0.018954
86   TCGAA      1     14.141932  0.018954
87   CGAAG      1     15.431165  0.018954
88   GAAGA      1     13.023117  0.018954
89   AAGAG      1     15.759669  0.018954
90   AGAGC      1     16.231943  0.018954
91   GAGCA      1     14.296083  0.018954
92   AGCAA      1     11.551665  0.018954
93   GCAAC      1     12.627805  0.018954
94   CAACT      1     17.577746  0.018954
95   TCTTC      1     23.986996  0.018954
96   CTTCA      1     18.508211  0.018954
97   TTCAT      1     21.923405  0.018954
98   TCATA      1     16.760787  0.018954
99   CATAC      1     15.664359  0.018954
100  ATACA      1     12.986750  0.018954
101  CACCC      1     14.391393  0.018954
102  ACCCT      1     19.592649  0.018954
103  CCCTG      1     21.779721  0.018954
104  AACTG      1     19.987962  0.018954
105  ACTGT      1     24.757435  0.018954
106  CTGTC      1     23.188488  0.018954
107  CTTAG      1     21.358091  0.018954
108  TTAGG      1     21.807892  0.018954
109  TAGGA      1     16.935140  0.018954
110  AGGAC      1     15.558998  0.018954
111  GGACG      1     18.070222  0.018954
112  GACGC      1     17.030451  0.018954
113  ACGCA      1     14.008401  0.018954
114  CGCAA      1     12.244812  0.018954
115  GCAAT      1     17.423595  0.018954
116  CAATA      1     14.275880  0.018954
117  AATAT      1     19.767002  0.018954
118  ATATA      1     16.878570  0.018954
119  TATAA      1     14.652758  0.018954
120  ATAAA      1     11.040840  0.018954
121  TAAAC      1     12.222340  0.018954
122  GTTGT      1     28.340954  0.018954
123  TTGTC      1     24.574783  0.018954
124  TGTCA      1     18.795893  0.018954
125  GTCAA      1     14.036572  0.018954
126  TCAAT      1     18.116742  0.018954
127  CAATG      1     19.071671  0.018954
128  AATGA      1     16.465137  0.018954
129  ATGAA      1     14.259715  0.018954
130  GAAAG      1     13.927088  0.018954
131  AAGTG      1     21.597400  0.018954
132  TGTTA      1     22.687713  0.018954
133  TATAC      1     17.050653  0.018954
134  ATACC      1     15.384645  0.018954
135  TACCA      1     13.379792  0.018954
136  ACCAT      1     17.646739  0.018954
137  CCATA      1     15.374493  0.018954
138  CATAA      1     13.266464  0.018954
139  ATAAC      1     13.438735  0.018954
140  CAAGC      1     14.727866  0.018954
141  AAGCA      1     12.909789  0.018954
142  AGCAT      1     18.745351  0.018954
143  TTATT      1     26.151697  0.018954
144  TATTG      1     25.286279  0.018954
145  ATTGA      1     19.760974  0.018954
146  GAAAC      1     11.529192  0.018954
147  TTCTA      1     20.567450  0.018954
148  TCTAA      1     15.751370  0.018954
149  CTAAG      1     16.529777  0.018954
150  TAAGT      1     20.909950  0.018954
151  AAGTT      1     23.995295  0.018954
152  AGTTT      1     27.801957  0.018954
153  GTTTT      1     30.286864  0.018954
154  TTTTA      1     23.786325  0.018954
155  TTTAA      1     17.948595  0.018954
156  TTAAC      1     15.518176  0.018954
157  AACAC      1     11.752336  0.018954
158  CTGTA      1     20.790593  0.018954
159  TGTAC      1     19.247878  0.018954
160  GTACA      1     14.373044  0.018954
161  TACAT      1     18.627568  0.018954
162  ACATT      1     21.875031  0.018954
163  ATTCC      1     20.212959  0.018954
164  TTCCC      1     19.073525  0.018954
165  TCCCT      1     21.672091  0.018954
166  CCCTT      1     24.177616  0.018954
167  CTTCG      1     23.304001  0.018954
168  TTCGG      1     23.417330  0.018954
169  TCGGG      1     22.829543  0.018954
170  GGGGT      1     25.632904  0.018954
171  GGGTC      1     22.783023  0.018954
172  GGTCT      1     25.296431  0.018954
173  CTTAC      1     18.960196  0.018954
174  TTACA      1     15.066191  0.018954
175  CACAA      1     10.047588  0.018954
176  ACAAA      1      8.843615  0.018954
177  CAAAC      1     10.836045  0.018954
178  GTGTC      1     23.881636  0.018954
179  TCTAT      1     22.945056  0.018954
180  CTATG      1     22.367508  0.018954
181  ATGTA      1     20.097446  0.018954
182  TGTAT      1     24.043668  0.018954
183  GTATG      1     23.060655  0.018954
184  ATGTC      1     22.495341  0.018954
185  TGTCT      1     25.989579  0.018954
186  TAGTT      1     26.074736  0.018954
187  AGTTA      1     20.608272  0.018954
188  TATAT      1     21.846444  0.018954
189  TTATC      2     21.355907  0.033634
190  TATCG      2     21.394459  0.033634
191  ATCGA      2     16.542098  0.033634
192  CGAGT      2     21.720881  0.033634
193  TGGCT      2     24.380141  0.033634
194  TGTGC      2     23.139698  0.033634
195  GTGCA      2     17.591920  0.033634
196  CATTC      2     21.502089  0.033634
197  TGCAC      2     16.029002  0.033634
198  CGGGG      2     22.541861  0.033634
199  GTTGG      2     25.943059  0.033634
200  CTCTT      2     26.374841  0.033634
201  TTGAA      2     16.339157  0.033634
202  GAACT      2     18.270893  0.033634
203  AACTT      2     22.385857  0.033634
204  ACTTC      2     21.907555  0.033634
205  CGTCG      2     22.205389  0.033634
206  TGTTG      2     27.483504  0.033634
207  ATTTA      2     21.706884  0.033634
208  TTTAG      2     22.744385  0.033634
209  TTAGA      2     17.012102  0.033634
210  TAGAG      2     17.839111  0.033634
211  AGAGG      2     18.629838  0.033634
212  GAGGA      2     16.241993  0.033634
213  AGGAA      2     13.161103  0.033634
214  GAAGT      2     20.216803  0.033634
215  AAGTA      2     16.801609  0.033634
216  AGTAA      2     14.770541  0.033634
217  GTAAA      2     12.427134  0.033634
218  TAAAA      2      9.824444  0.033634
219  AAAAG      2     12.540793  0.033634
220  AAGTC      2     19.199504  0.033634
221  AGTCG      2     21.512242  0.033634
222  TCGTA      2     19.979663  0.033634
223  CGTAA      2     15.463688  0.033634
224  GTAAC      2     14.825029  0.033634
225  CAAGG      2     17.125761  0.033634
226  AAGGT      2     22.049385  0.033634
227  AGGTT      2     26.192519  0.033634
228  GGTTT      2     29.188252  0.033634
229  GTTTC      2     25.491073  0.033634
230  TTTCC      2     22.292400  0.033634
231  TTCCG      2     21.471420  0.033634
232  CCGTA      2     18.593369  0.033634
233  CGTAG      2     20.259479  0.033634
234  GTAGG      2     21.114745  0.033634
235  TAGGT      2     24.128826  0.033634
236  AGGTG      2     23.794624  0.033634
237  TACAC      2     13.831778  0.033634
238  TGTGA      2     20.741803  0.033634
239  TGTCG      2     23.591683  0.033634
240  CGTCT      2     24.603284  0.033634
241  GTCTT      2     27.067988  0.033634
242  TCTTA      2     21.589101  0.033634
243  CTCTA      2     19.181155  0.033634
244  TAGTG      2     23.676841  0.033634
245  GTGTT      2     28.677426  0.033634
246  TGAAA      2     12.021669  0.033634
247  GTTAT      2     24.449134  0.033634
248  TTATA      2     18.958012  0.033634
249  GTCTA      2     19.874302  0.033634
250  TATGT      2     25.738264  0.033634
251  CCTGC      3     20.654792  0.046701
252  CTGCG      3     21.694563  0.046701
253  TGCGG      3     22.318718  0.046701
254  GCGGA      3     17.340606  0.046701
255  CGGAA      3     13.854250  0.046701
256  GAAGG      3     17.818908  0.046701
257  AAGGA      3     14.855699  0.046701
258  AGGAT      3     20.354789  0.046701
259  GGATC      3     19.564147  0.046701
260  GATCA      3     15.905521  0.046701
261  ATCAT      3     19.843963  0.046701
262  CATTA      3     19.104194  0.046701
263  ATTAT      3     23.062839  0.046701
264  CATTT      3     26.297880  0.046701
265  TTCTC      3     22.965345  0.046701
266  CACAC      3     12.445483  0.046701
267  ACACC      3     13.187421  0.046701
268  CACCT      3     19.187184  0.046701
269  CCTTC      3     22.600702  0.046701
270  TCCGT      3     23.618001  0.046701
271  GGTGA      3     20.048656  0.046701
272  AAAGT      3     18.830509  0.046701
273  AACAA      3      9.354441  0.046701
274  ACAAG      3     13.639406  0.046701
275  AACTC      3     17.590066  0.046701
276  ACTCT      3     22.811525  0.046701
277  AAACT      3     16.884599  0.046701
278  TCTAG      3     20.547161  0.046701
279  CTAGT      3     22.819493  0.046701
280  AGTGT      3     25.856047  0.046701
281  ACACA      3     10.789525  0.046701
282  GAACC      4     13.475103  0.058721
283  AACCT      4     18.494037  0.058721
284  CTGTG      4     25.586384  0.058721
285  CTTCT      4     25.701897  0.058721
286  CCTGT      4     25.450582  0.058721
287  TCGTC      4     22.377558  0.058721
288  TAACA      4     11.770354  0.058721
289  GTGAA      5     15.646010  0.069962
290  GGAAG      5     16.124312  0.069962
291  TGAAC      6     14.419564  0.080582
292  ACCTG      6     21.086574  0.080582
293  TCATT      6     23.954473  0.080582
294  GTCGT      6     25.122078  0.080582