    K-mer  Value  Godel_number   Entropy
0    CCAA      1      7.138867  0.018853
1    AATC      1     12.121331  0.018853
2    ATCC      1     12.198292  0.018853
3    CCAG      1     11.030687  0.018853
4    CAGC      1     11.205041  0.018853
5    AGCT      1     14.991500  0.018853
6    TCTG      1     17.245295  0.018853
7    CTGG      1     16.446788  0.018853
8    GCTG      1     16.552148  0.018853
9    CACT      1     13.487423  0.018853
10   TTGC      1     15.887172  0.018853
11   CACG      1     11.541513  0.018853
12   CGCC      1     11.792827  0.018853
13   GCCG      1     13.333272  0.018853
14   CCGG      1     14.249563  0.018853
15   GGGC      1     14.095412  0.018853
16   GGCG      1     14.431885  0.018853
17   GCGA      1     11.050890  0.018853
18   CGTG      1     16.957613  0.018853
19   TGCC      1     13.179122  0.018853
20   GCCT      1     15.279183  0.018853
21   TCCT      1     15.972330  0.018853
22   CTTT      1     20.002136  0.018853
23   TTTG      1     19.442520  0.018853
24   TGGG      1     16.734470  0.018853
25   TGAC      1     11.569684  0.018853
26   GACT      1     14.180570  0.018853
27   CCAC      1      9.084777  0.018853
28   ACCG      1     11.946978  0.018853
29   CCGC      1     12.303653  0.018853
30   CGCT      1     15.684648  0.018853
31   TCGC      1     13.689947  0.018853
32   CGAA      1      8.237479  0.018853
33   AAGA      1      8.565983  0.018853
34   GAGC      1     11.898188  0.018853
35   CAAC      1      7.986165  0.018853
36   ACCC      1     10.001068  0.018853
37   ACTG      1     15.165854  0.018853
38   GGAC      1     10.876537  0.018853
39   GACG      1     12.234660  0.018853
40   CGCA      1      9.846917  0.018853
41   AATA      1     10.175421  0.018853
42   GTCA      1     11.638677  0.018853
43   TCAA      1      8.525161  0.018853
44   AATG      1     14.067242  0.018853
45   ATGA      1     11.861820  0.018853
46   TACC      1     10.981897  0.018853
47   ACCA      1      8.055158  0.018853
48   CCAT      1     12.976597  0.018853
49   AAGC      1     10.511894  0.018853
50   TATT      1     18.092593  0.018853
51   ATTG      1     17.363078  0.018853
52   CTAA      1      9.336092  0.018853
53   TAAG      1     11.318369  0.018853
54   TTTT      1     21.388430  0.018853
55   TTAA      1     10.722386  0.018853
56   GTAC      1     11.975149  0.018853
57   ACAT      1     12.283450  0.018853
58   TCCC      1     12.080509  0.018853
59   TTCG      1     16.223644  0.018853
60   TCGG      1     15.635857  0.018853
61   GGTC      1     15.704850  0.018853
62   TTAC      1     12.668296  0.018853
63   CAAA      1      6.040255  0.018853
64   CTAT      1     15.173822  0.018853
65   GTAT      1     15.866969  0.018853
66   TATC      2     14.200773  0.033459
67   ATCG      2     14.144203  0.033459
68   TCGA      2     11.744037  0.033459
69   CGAG      2     12.129300  0.033459
70   GAGT      2     15.790008  0.033459
71   GTCC      2     13.584587  0.033459
72   CTCA      2     10.945529  0.033459
73   TGGC      2     14.788560  0.033459
74   GGCT      2     16.377795  0.033459
75   GCAT      2     13.669745  0.033459
76   ATTC      2     15.417168  0.033459
77   TTCA      2     12.331824  0.033459
78   TCAC      2     10.471072  0.033459
79   CTTG      2     18.056226  0.033459
80   GCAC      2      9.777924  0.033459
81   ACGC      2     11.610506  0.033459
82   CGGG      2     15.348175  0.033459
83   GGGG      2     16.041323  0.033459
84   TTGG      2     17.833082  0.033459
85   TTGA      2     13.941262  0.033459
86   CTCG      2     14.837350  0.033459
87   CTCC      2     12.891440  0.033459
88   TTGT      2     19.778992  0.033459
89   GGGT      2     17.987233  0.033459
90   TAGA      2     10.645425  0.033459
91   GAGG      2     13.844098  0.033459
92   AGTA      2     12.372646  0.033459
93   AAAA      2      5.347108  0.033459
94   GGTT      2     19.596671  0.033459
95   GTAG      2     13.921059  0.033459
96   AGCA      2      9.153770  0.033459
97   GCAA      2      7.832014  0.033459
98   CATA      2     10.868568  0.033459
99   ATAC      2     10.588855  0.033459
100  CCCT      2     14.586035  0.033459
101  CTTA      2     14.164405  0.033459
102  ATAT      2     14.480675  0.033459
103  ATAA      2      8.642944  0.033459
104  GAAA      2      6.733402  0.033459
105  GTTA      2     14.857552  0.033459
106  TGTA      2     14.452087  0.033459
107  TATG      2     16.146683  0.033459
108  ATGT      2     17.699551  0.033459
109  CTGC      3     14.500878  0.046463
110  TGCG      3     15.125032  0.046463
111  GCGG      3     14.942710  0.046463
112  CGGA      3     11.456355  0.046463
113  GGAT      3     14.768357  0.046463
114  GATC      3     13.507626  0.046463
115  ATCA      3     10.252382  0.046463
116  ATTA      3     13.471258  0.046463
117  AGTC      3     14.318556  0.046463
118  TCCA      3     10.134599  0.046463
119  CAAT      3     11.877985  0.046463
120  GCTC      3     14.606238  0.046463
121  ATTT      3     19.308989  0.046463
122  TTTC      3     17.496610  0.046463
123  GTGC      3     15.194025  0.046463
124  TGCA      3     11.233212  0.046463
125  ACTT      3     17.111764  0.046463
126  AGTT      3     18.210376  0.046463
127  GTTG      3     18.749373  0.046463
128  TCTC      3     15.299385  0.046463
129  TCCG      3     14.026420  0.046463
130  CCGT      3     16.195473  0.046463
131  TGTT      3     20.289818  0.046463
132  GGTG      3     17.650761  0.046463
133  TTTA      3     15.550700  0.046463
134  TTAG      3     14.614206  0.046463
135  AGAG      3     11.436152  0.046463
136  TAAA      3      7.426549  0.046463
137  AAAG      3      9.238928  0.046463
138  CAAG      3      9.932075  0.046463
139  GTTT      3     20.695283  0.046463
140  TTCC      3     14.277734  0.046463
141  TAGG      3     14.537245  0.046463
142  TACA      3      9.035987  0.046463
143  TATA      3     12.254863  0.046463
144  AAAC      3      7.293018  0.046463
145  CTAG      3     13.227912  0.046463
146  TAGT      3     16.483155  0.046463
147  AGTG      3     16.264466  0.046463
148  GTGT      3     19.085845  0.046463
149  AACC      4      8.902456  0.058425
150  TGTG      4     18.343908  0.058425
151  CTCT      4     16.783260  0.058425
152  TCTT      4     19.191206  0.058425
153  CACA      4      7.649693  0.058425
154  CCTT      4     17.804911  0.058425
155  ACTC      4     13.219944  0.058425
156  GTAA      4     10.029239  0.058425
157  CGTA      4     13.065793  0.058425
158  TAAC      4      9.372459  0.058425
159  AACA      4      6.956545  0.058425
160  ACAA      4      6.445720  0.058425
161  AGGT      4     16.600938  0.058425
162  TGTC      4     16.397998  0.058425
163  GTCT      4     17.476407  0.058425
164  GGAA      5      8.930626  0.069614
165  AAGG      5     12.457804  0.069614
166  TTAT      5     16.560116  0.069614
167  TTCT      5     18.169554  0.069614
168  CACC      5      9.595603  0.069614
169  CGTC      5     15.011703  0.069614
170  TCTA      5     13.353475  0.069614
171  GTGA      6     13.248115  0.080186
172  GAAC      6      8.679312  0.080186
173  GAAG      6     10.625222  0.080186
174  AGGA      6     10.763208  0.080186
175  CTGT      6     18.392698  0.080186
176  AACT      6     12.794276  0.080186
177  CTTC      6     16.110315  0.080186
178  ACAC      6      8.391630  0.080186
179  GTCG      6     15.530497  0.080186
180  AAGT      6     14.403714  0.080186
181  ACCT      7     13.892888  0.090245
182  CCTG      7     15.859001  0.090245
183  TCAT      7     14.362892  0.090245
184  TCGT      7     17.581768  0.090245
185  TGAA      8      9.623774  0.099866
186  CATT      8     16.706299  0.099866